001001001000000000000000000000000000000000000000000000000000000000000000
000001001000001100000000000000000000000100000001000000000000000000000000
000001000110000000000001110000000000000010000001101100000000000101000000
000001000110000000000001110000000000000010000001101100000000000100101000
001101010000000000000000000000000000000000000000000000000000000000000000
000001001000001100000000000000000000000100000001000000000100000000000000
000001000110000011000001110000000000000010000001101100000000001011100000
000001000110000011000001110000000000000010000001101100000000001100001000
000001000110000000000001110000000000000100000010000000001100000000000000
000001001000001100000000000000000000000100000001000000001000000000000000
000011101001000000110000000000001000000000000000000000000000100000000000
000011101001000000110000000000001000000000000000000000000000100000000000
000001001000000000000000000100000000000000100001100000000000000000000000
000001001000001100000000000000000000000001000001000000000000000000000000
000001001000001000000000000000000000000010000000010100000000001000000000
000001000110000000000001110000000000000010000000000000000000000011000000
000101000000000000000000000000000000000000000000000000000011100000000000
010110110110000000000000001000100000000000000000000000000000000000000000
010010001010000011000001110100000000010000000000000000000000000010100000
000000000000000000000000000000000000000000000000000000000000000000000000
000001001000001000000000000100000000010000100101100000000000000000000000
000001001000001000000000000100000000010000100100011000000000001000000000
000001001000000000000000000100000000000000100000010000000000001000000000
000001000001000000000000000000000000000100000000000000001100100000000000
000011010101000000000000000000000000000100000000000000001100000000000000
000101100101000000000000000000000000000000000000000000000010100000000000
000000000000000000000000000000000000000000000000000000000000000000000000
000001001000001100000000000000000000001000000000000000000000100000000000
000101110001001000000000000000000000010000000100000000000010100000000000
000101110101000000000000000000000000000000000000000000000010000000000000
000001001000000000000000000100000000001000010000000000000000100000000000
000001001000001100000000000000000000001000000000000000000000000000000000
100000000000010000000000000000000000000000000000000000000000000000000000
000110000101000000000000000000000000000000000000000000000010100000000000
000001000100000000000000000000000000000000000000000000000000000000000000
000010000000100000000000000000000000001000000000000000000000100000000000
000110010000000000000000000000000000000000000000000000000011100000000000
000110010100000000000000000000000000000000000000000000000011100000000000
000011101101000000000000000000000000100000000000000000000000100000000000
000001000110000000000001110010000000000000000000000000000000000010000000
000110100001000000000000000000000000000000000000000000000010100000000000
000110100101000000000000000000000000000000000000000000000010100000000000
000011111100000000000000000100000000001000010000000000000000100000000000
000001001000001000001100000000000000001000001010000010000000100000000000
000000000000000000000000000000000000000000000000000000000000000000000000
000110110101000000000000000000000000000000000000000000000010100000000000
000011101001000000110000000000001000000000000000000000010000100000000000
000011110100000011000000000000000000000000000000000000000000010000000000
000000000000000000000000000000000000000000000000000000000000000000000000
000000000000000000000000000000000000000000000000000000000000000000000000
000011101001000000110000000000001000000000000000000000100000100000000000
000000000000000000000000000000000000000000000000000000000000000000000000
000111010000000000000000000000000000000000000000000000000011100000000000
000111010100000000000000000000000000000000000000000000000011000000000000
000000000011000000000000000000000000000000000000000000000000000000010110
000001001000000000000000000000000000000000000000000000000000000000000000
000000000000000000000000000000000000000000000000000000000000000000000000
000011101001000000110000000000001000000000000000000000100000100000000000
000001000110001000000011110000000001000000001010000000000000000001001000
000001000110001000000001110000000010000000001010000000000000000001101000
000111110001000000000000000000000000000000000000000000000010100000000000
010111010001000000000000000000000000000000000000000000000000000000000001
000001001000000000000000000100000000001000010000000000000000100000000000
000001000110001000000001110000000100000000001010000000000000000000100000
